   1.6130014e-01   2.5211266e-01   1.0000000e+00
   5.5016550e-01  -2.6640962e-01   1.0000000e+00
  -6.7765406e-01   3.0027850e-02   1.0000000e+00
   2.5865200e-01  -1.6335868e-01   1.0000000e+00
   9.5629572e-02   9.1056238e-02   1.0000000e+00
  -3.9230649e-01  -1.8009797e-01   1.0000000e+00
  -1.3007761e-01   1.4698960e-01   1.0000000e+00
   1.0278734e-01   2.2180894e-01   1.0000000e+00
   1.0735191e+00   5.1356633e-01   1.0000000e+00
   8.3083111e-01  -5.8237061e-02   1.0000000e+00
  -4.0496608e-01  -6.4150658e-01   1.0000000e+00
   9.1047704e-01  -2.5187662e-01   1.0000000e+00
   2.1762127e-01   4.0637830e-01   1.0000000e+00
  -1.8916462e-02  -3.2164659e-01   1.0000000e+00
   2.1442287e-01   2.8828616e-01   1.0000000e+00
  -6.1489817e-02   3.7214940e-02   1.0000000e+00
  -3.7243304e-02   4.3100899e-01   1.0000000e+00
   4.4690928e-01  -5.8827000e-01   1.0000000e+00
   4.2271035e-01  -5.9309468e-02   1.0000000e+00
   4.2515772e-01  -3.6235365e-01   1.0000000e+00
   2.0144914e-01   8.7240241e-01   1.0000000e+00
  -3.6224608e-01   2.4756567e-01   1.0000000e+00
   2.1517160e-01   4.1369159e-01   1.0000000e+00
   4.8907059e-01  -3.1745408e-01   1.0000000e+00
   1.4666813e-01  -1.4058467e-01   1.0000000e+00
   3.1040790e-01  -8.1740823e-02   1.0000000e+00
   2.1806554e-01   3.2952739e-01   1.0000000e+00
  -9.1032277e-02  -8.3361580e-02   1.0000000e+00
   8.8161440e-02   2.1046244e-01   1.0000000e+00
  -2.3618484e-01  -6.1554489e-01   1.0000000e+00
   2.6651869e-01  -1.0615500e-01   1.0000000e+00
  -3.4412103e-01  -2.4707596e-01   1.0000000e+00
  -3.2066114e-01  -4.7311711e-01   1.0000000e+00
  -2.4284961e-01   1.5239240e-01   1.0000000e+00
  -8.8328525e-01   8.4595219e-02   1.0000000e+00
   4.3151409e-01   1.0043965e-02   1.0000000e+00
   9.7557162e-02  -4.0010338e-01   1.0000000e+00
  -2.2647850e-01   3.3824768e-01   1.0000000e+00
   4.1108956e-01   1.0505382e-01   1.0000000e+00
  -5.1345493e-01  -8.9719809e-02   1.0000000e+00
  -3.0672734e-02   6.8669378e-03   1.0000000e+00
  -7.2434112e-02  -7.8598630e-02   1.0000000e+00
   9.5762022e-02  -5.2506371e-01   1.0000000e+00
   9.3857579e-02  -8.5695291e-02   1.0000000e+00
  -2.5946398e-01  -2.4940995e-01   1.0000000e+00
  -9.0153889e-03  -2.9376189e-01   1.0000000e+00
  -4.9463706e-02  -3.4692050e-01   1.0000000e+00
   1.8831219e-01  -1.6006713e-01   1.0000000e+00
   3.2797970e-01  -6.0079072e-01   1.0000000e+00
   3.3278199e-01   2.8926883e-01   1.0000000e+00
  -2.5909585e-01   1.5601803e-01   1.0000000e+00
   2.3207727e-02  -6.0083555e-03   1.0000000e+00
  -3.6423511e-01  -1.0431326e-02   1.0000000e+00
  -3.3405022e-01  -2.3944908e-01   1.0000000e+00
  -2.0547984e-03   3.0560558e-01   1.0000000e+00
   4.5978909e-01  -3.9965244e-02   1.0000000e+00
  -2.3089977e-01  -2.1435905e-01   1.0000000e+00
   1.1141364e-01   4.0541573e-01   1.0000000e+00
  -6.7675321e-02  -6.7431317e-02   1.0000000e+00
   3.3520684e-01  -1.7670871e-01   1.0000000e+00
  -3.2671929e-01  -8.8126079e-02   1.0000000e+00
   9.7672392e-03  -2.5437787e-01   1.0000000e+00
   1.6575811e-01  -3.3603849e-01   1.0000000e+00
   3.3018307e-01   7.5779991e-01   1.0000000e+00
   4.6326357e-01   4.9664928e-01   1.0000000e+00
   2.5779340e-02   9.2260548e-02   1.0000000e+00
  -4.4747709e-01  -3.7713551e-01   1.0000000e+00
  -2.2269055e-01  -2.5964041e-01   1.0000000e+00
  -3.1847452e-01  -5.2960234e-02   1.0000000e+00
   7.0513717e-01   2.3742482e-01   1.0000000e+00
  -1.8468056e-01  -3.9960133e-01   1.0000000e+00
   2.2442304e-01  -6.9896015e-01   1.0000000e+00
  -5.7725553e-02  -4.3472919e-01   1.0000000e+00
   2.6658313e-01   1.0005325e-01   1.0000000e+00
  -2.2945477e-01   1.1740608e-01   1.0000000e+00
  -4.2068069e-01   1.3550383e-01   1.0000000e+00
  -4.2671278e-01  -3.9085396e-02   1.0000000e+00
   1.4645817e-01   5.5106729e-02   1.0000000e+00
  -5.3212547e-02  -1.4284590e-01   1.0000000e+00
  -5.8816046e-02   2.5860648e-01   1.0000000e+00
   4.2579305e-01  -4.0850834e-01   1.0000000e+00
   8.7475312e-02   1.3650887e-01   1.0000000e+00
   5.9343316e-02  -2.5461281e-01   1.0000000e+00
   4.7630973e-01  -1.0046608e-01   1.0000000e+00
  -2.4133979e-01   1.6583500e-01   1.0000000e+00
   2.0898732e-01   3.1172720e-01   1.0000000e+00
   2.5052645e-01  -3.3529160e-01   1.0000000e+00
  -7.3114542e-02   3.7819761e-01   1.0000000e+00
   6.4701026e-02   1.9804294e-01   1.0000000e+00
  -3.4975318e-01  -2.0359666e-02   1.0000000e+00
  -3.4438583e-01  -5.8566359e-02   1.0000000e+00
   3.1462415e-02  -6.5281905e-02   1.0000000e+00
   2.1667621e-01  -9.0932286e-02   1.0000000e+00
   7.7564738e-01   6.9136873e-03   1.0000000e+00
  -2.0006720e-01   1.5387107e-02   1.0000000e+00
   5.6199307e-02   2.4781884e-01   1.0000000e+00
  -2.4748328e-02   4.5809301e-01   1.0000000e+00
  -5.7990688e-01   1.4007433e-01   1.0000000e+00
  -1.3168985e-01  -6.2914002e-02   1.0000000e+00
  -5.3840365e-01   1.8755711e-01   1.0000000e+00
  -4.0608997e-01  -5.4635627e+00   2.0000000e+00
  -3.5956330e+00   3.2472680e+00   2.0000000e+00
  -2.0353949e+00  -4.1732543e+00   2.0000000e+00
   1.2276038e+00  -5.9260513e+00   2.0000000e+00
   4.9921793e+00   2.1278578e+00   2.0000000e+00
   5.0661866e+00   8.6383785e-01   2.0000000e+00
  -2.1657760e+00   5.0702198e+00   2.0000000e+00
  -3.5543164e+00   4.2710757e+00   2.0000000e+00
   3.4809100e+00   3.9236230e+00   2.0000000e+00
  -2.6510177e+00  -4.4032903e+00   2.0000000e+00
  -4.1018657e+00  -6.3764206e-01   2.0000000e+00
   5.0912044e+00  -1.2530906e+00   2.0000000e+00
   1.5707314e+00  -4.7196977e+00   2.0000000e+00
  -4.1053152e+00   1.0151317e+00   2.0000000e+00
  -4.9444621e+00  -7.2582372e-01   2.0000000e+00
   5.0347723e+00  -5.6329461e-01   2.0000000e+00
  -1.4741646e+00  -4.3448316e+00   2.0000000e+00
   2.0909665e-01  -5.2436722e+00   2.0000000e+00
   3.1936026e+00  -5.1748894e+00   2.0000000e+00
  -1.6314504e-01   4.6575541e+00   2.0000000e+00
  -3.7924606e+00   1.7846531e+00   2.0000000e+00
   4.0443633e+00  -1.5527296e+00   2.0000000e+00
  -4.1908078e+00  -9.3871316e-01   2.0000000e+00
  -5.1131673e+00   2.5804670e-01   2.0000000e+00
  -2.7741914e+00   3.7167411e+00   2.0000000e+00
   5.5266438e+00   1.0554798e+00   2.0000000e+00
   3.2246514e-02  -5.5466763e+00   2.0000000e+00
  -3.3940116e+00  -4.6053860e+00   2.0000000e+00
  -4.8430312e+00   2.1223650e+00   2.0000000e+00
   4.2747379e+00   1.2831825e+00   2.0000000e+00
   1.4863527e+00  -5.6022370e+00   2.0000000e+00
  -4.8639695e+00  -1.1187829e+00   2.0000000e+00
   1.4807813e+00   5.9687378e+00   2.0000000e+00
   2.1219366e+00   5.0737026e+00   2.0000000e+00
  -4.9547807e+00   1.5614849e+00   2.0000000e+00
   3.7729722e+00   2.8819651e+00   2.0000000e+00
  -1.1666494e+00   4.3893549e+00   2.0000000e+00
   1.5195076e+00  -5.3954578e+00   2.0000000e+00
   2.8064642e+00   5.0903383e+00   2.0000000e+00
   2.7751564e+00  -4.3667153e+00   2.0000000e+00
   2.1370197e+00   4.5611980e+00   2.0000000e+00
   2.3152949e+00  -4.5721701e+00   2.0000000e+00
   4.9331368e+00  -2.4467937e-02   2.0000000e+00
  -1.2236222e-01   5.6972656e+00   2.0000000e+00
   4.4497924e+00  -3.4650125e+00   2.0000000e+00
   2.9234786e+00  -3.3487623e+00   2.0000000e+00
   1.3600507e+00   5.5675054e+00   2.0000000e+00
   2.2316833e+00  -4.8723924e+00   2.0000000e+00
   1.5248490e+00  -4.0583897e+00   2.0000000e+00
  -5.1646764e+00  -1.5633326e+00   2.0000000e+00
  -4.9304823e+00  -1.1310903e+00   2.0000000e+00
   2.4867031e+00   3.8306587e+00   2.0000000e+00
  -2.2135160e+00  -4.7030331e+00   2.0000000e+00
   4.9345047e+00   1.9028943e+00   2.0000000e+00
  -5.9092481e-02   4.4959590e+00   2.0000000e+00
  -3.8059209e+00  -2.4361933e+00   2.0000000e+00
   2.2304418e+00  -3.6188577e+00   2.0000000e+00
  -2.1726811e+00  -4.1733658e+00   2.0000000e+00
  -1.9477622e+00  -4.1626128e+00   2.0000000e+00
  -2.2540297e+00  -4.3283789e+00   2.0000000e+00
  -1.1192092e+00   5.1598287e+00   2.0000000e+00
  -1.8984067e+00  -5.4452390e+00   2.0000000e+00
  -3.9030650e+00   4.1629122e+00   2.0000000e+00
  -2.4586905e+00  -3.9598789e+00   2.0000000e+00
   5.2322019e+00  -1.3745211e+00   2.0000000e+00
   3.3482523e+00  -4.7890453e+00   2.0000000e+00
   4.8887268e-01  -5.0785835e+00   2.0000000e+00
  -2.9331079e+00  -2.6103900e+00   2.0000000e+00
   4.4636798e+00  -2.7947537e+00   2.0000000e+00
   1.9850531e+00  -4.4663464e+00   2.0000000e+00
  -1.0547215e+00   5.2973980e+00   2.0000000e+00
   2.9868369e+00   3.4474981e+00   2.0000000e+00
   2.6376220e+00  -4.2475721e+00   2.0000000e+00
   4.4073416e+00   2.9536632e+00   2.0000000e+00
  -8.1031700e-01  -5.2942650e+00   2.0000000e+00
  -1.6543177e+00  -5.1550858e+00   2.0000000e+00
  -8.7961453e-01   4.5084630e+00   2.0000000e+00
   4.4900549e+00  -1.5713225e+00   2.0000000e+00
   2.8678970e+00   5.4152321e+00   2.0000000e+00
  -5.2304478e+00  -2.2721197e+00   2.0000000e+00
  -5.2356751e+00   1.5839171e+00   2.0000000e+00
  -2.5426796e+00  -4.9143904e+00   2.0000000e+00
   1.0321698e-01   5.0194091e+00   2.0000000e+00
  -4.7049070e+00   2.7798428e-01   2.0000000e+00
   2.1081673e+00  -4.3299679e+00   2.0000000e+00
  -4.8885538e+00  -2.1135935e-01   2.0000000e+00
   4.0528927e+00  -2.1130860e+00   2.0000000e+00
  -4.6023610e+00  -1.4485788e+00   2.0000000e+00
   4.8446686e+00   3.1520915e-01   2.0000000e+00
   5.2178132e+00  -1.4079728e+00   2.0000000e+00
  -4.7484010e+00  -1.8089824e+00   2.0000000e+00
  -4.4193538e+00  -3.1504717e+00   2.0000000e+00
  -4.0145315e+00  -2.6958027e+00   2.0000000e+00
  -4.4429338e+00  -9.0294263e-01   2.0000000e+00
  -2.9369019e+00  -3.8269080e+00   2.0000000e+00
  -4.8821603e+00  -2.5085749e+00   2.0000000e+00
  -4.1121499e+00  -2.7633747e+00   2.0000000e+00
  -3.9665352e+00   2.3237573e+00   2.0000000e+00
  -2.5258300e+00  -5.3849613e+00   2.0000000e+00
   5.4206942e+00   5.8629775e-01   2.0000000e+00
